81   -21    25    28    76   -40    41    81    77   -19   -10   -47   -68    78     0     0     0     0     0     0
  71    -5   -86    36    34    41   -81   -17     2   -30    91    61   -52   -24     0     0     0     0     0     0
    97   -79    64   -45    88   -50    51    42   -19   -65    99   -85     3   -76     0     0     0     0     0     0
   -94   -45    69    37   -93    71    92   -64    50    96   -81    93    39    11     0     0     0     0     0     0
     3   -91    59   -62    56    63   -49   -35    20    73   -77    30    89    -5     0     0     0     0     0     0
    83    85    60    99    52    60    71    78    56    81    77    51    77    70     1     0     0     0     0     0
   -78     6    42   -73   -44   -53    49    17    93    51     8    53    35    97     0    -1     0     0     0     0
    -3   -81    39    53    10    34    55    98    82    77    42    91   -84    62     0     0    -1     0     0     0
    16    89   -71   -42    40   -58   -61    60    42    59    96    11    60   -70     0     0     0    -1     0     0
    40   -41   -15    24    29    16    55   -43    36    86    61    87   -81     5     0     0     0     0     1     0
    68    70    73   -30    59    11     2    89    56   -34    13   -91   -14    75     0     0     0     0     0    -1
     41          25         181          74        1001         202         474         170         260         346
