
    98    75     2   -46   -33   -57   -45   -31    73   -69   -72    52    48   -29     0     0     0     0     0     0

   -32     1    72   -86   -40    -3   -40    69    87   -46    11    52   -80    41     0     0     0     0     0     0
   -34   -34   -29    69    91    95   -34    98    46   -73   -45   -92  -100    89     0     0     0     0     0     0
   -57   -94    17    28    13    79    91    75    87    84    71   -44    86    -1     0     0     0     0     0     0
    12    -9    34    11    88    67    64    81   -17    50    22    46    63   -21     0     0     0     0     0     0
    86    66    62    92    54    88    86    72    52    84    60    98    78    92     1     0     0     0     0     0
    36     5   -70    15   -40   -80    73   -24     6    96    41   -29    81   -46     0    -1     0     0     0     0
    91   -66   -12     3    -8   -54    15    96   -46   -92    26   -60    90    16     0     0     1     0     0     0
    73   -80   -67    46   -33    64    65    21   -89   -80    -1    90   -53    93     0     0     0     1     0     0
    14   -25    53    20    50    23    99   -11   -41    40   -26   -26   -34   -61     0     0     0     0    -1     0
   -96    24   -84    56    -6    97    77    54    70   -34    73    98   -86   -33     0     0     0     0     0     1

           6          47         435         491        1071          63           0          50          74         211
