    10 20
    
    45   -94   -90    50   -78    66    52    56    64   -79   -36   -33   -75   -78     0     0     0     0     0     0

    43    75    46    28    44   -59    26   -84    66   -57    34    65   -42    90     0     0     0     0     0     0
   -25    17    59    46    69    55    87    38   -24    -2   -79    80   -82    41     0     0     0     0     0     0
   -86   -95    33    85   -51    61   -28    47    47    97    11   -10   -47    91     0     0     0     0     0     0
    97   -40   -88   -20    69     9    38   -57   -41    11    60    79    68    40     0     0     0     0     0     0
    95    70    51    74    90    81    71    97    66    90    72    56    59    52     1     0     0     0     0     0
    70   -92   -38    34    59   -32   -77    33   -68    94   -27    41    73   -41     0    -1     0     0     0     0
    83    84   -12    16    -2    36    82   -87   -71    49    41    72   -28    56     0     0     1     0     0     0
    -8   -78     7   -45    29    45   -71    66    74    -8    47    18    56    20     0     0     0    -1     0     0
    61     3   -29   -31   -11     6    70    73    43    91    35    39    20     0     0     0     0     0    -1     0
     4    40    16    82   -56   -47    66    61     2    56   -17   -18    76   -75     0     0     0     0     0     1
     
         275         280         155         225        1025          28         320         151         369         191
