   10 24
   
   -24     0    -3   -18   -61   -80   -19   -93   -28   -40   -16   -60   -34   -40     0     0     0     0     0     0     0     0     0     0

    5     81    57    46    12    27    57     1     1    81    88    45    14    99    -1     0     0     0     0     0     0     0    0    0
    65    20    62    40     1    69    43    63    27    97    94    68    92    89     0    -1     0     0     0     0     0     0    0    0
    76    74   100    61    61    26    32    51    39    97    33    75     6    75     0     0    -1     0     0     0     0     0    0    0
     5    97    92    33    61    89    29    54    52    42    53    25     8    53     0     0     0    -1     0     0     0     0    0    0
    17    82    68    79    34    29    96    66    47     1    17    27     9    40     0     0     0     0    -1     0     0     0    0    0
     5    50    45    73    72    83    11    52    13    50    53    61    18    13     0     0     0     0     0    -1     0     0    0    0
    26    39    21    44    74    58    18    56    85    23    80     6    61    51     0     0     0     0     0     0    -1     0    0    0
    99     8    38    89     4    72    56    20    57    52    25    69    96    31     0     0     0     0     0     0     0    -1    0    0
    67    41    32   100    99    69    89    78    63    33    63    10    75    59     0     0     0     0     0     0     0     0   -1    0
    34    67    89    82    50    93    48    60    83    14    81    32    52    78     0     0     0     0     0     0     0     0    0   -1

    613   829   805   692   611   598   641   715   877   862
