    10 20
    
    19    52   -68    81     0   -68    -5    80     6   -27     4    58    52  -100     0     0     0     0     0     0

   -34    28     5   -59   -23    97    70   -79    57    88    59   -42     0   -83     0     0     0     0     0     0
    85    -2   -61    93    21   -14    49   -67    83   -81   -81   -10    37    29     0     0     0     0     0     0
    21    94    80    54    12   -25   -97   -78    56    27   -99    11   -14   -24     0     0     0     0     0     0
    81    14    76    25    77    53   -69    49   -63    56    55    36   -85     9     0     0     0     0     0     0
    99    64    72    67    71    99    58    74    89    73    95    76    95    69     1     0     0     0     0     0
    85    82    68   -50    80   -22   -78    35   -46   -90   -46    60    26    -6     0    -1     0     0     0     0
   -96   -27    63   -73    16    42    17    86    63    50    91   -37   -35    14     0     0     1     0     0     0
   -97    42    57   -16    61    52    10    71   -65     4   -87    44    31    64     0     0     0     1     0     0
    -1    64   100    -2   -38   -39    65   -25    14    49   -18    78    31    62     0     0     0     0     1     0
   -60   -76   -50   -45    20   -50    66    16    57    64   -18    62    68   -36     0     0     0     0     0    -1
   
          84          81          18         314        1102          97         175         172         341          17
