    10 20
  
   -37    54    88   100   -54    73   -13   -62    76   -24    67    40   -88   -39     0     0     0     0     0     0
   
    29     1    91     8    30   -42    98    33    83    94    79   -75    21   -48     0     0     0     0     0     0
    34    96    17    86    19    85    71   -74   -57   -45   -76    41   -36   -38     0     0     0     0     0     0
   -48   -84    38   100    33   -39    12    71    93    21    33   -63    27    50     0     0     0     0     0     0
    53    68   -11   -69   -79    84    64   -87   -22   -57   -50    93    30    85     0     0     0     0     0     0
    89    54    50    78    79    50    91    68    94    66    80    80    77    57     1     0     0     0     0     0
    83    92    16    40   -49   -73   -60    22    89    87    85    93   -97    36     0    -1     0     0     0     0
    15    88   -87    17   -55   -79    18    98   -38   -51   -17   -54   100    56     0     0     1     0     0     0
    87    64   -51   -36   -47   -32    17    74    53   -72   -47   -83     6    79     0     0     0    -1     0     0
     3   -78   -40    33   -11   -36    -5    61     9    95    -1    85   -42   -56     0     0     0     0    -1     0
   -32    97    70    35    84   -25    62    -4   -58   -87   -49    32    13     0     0     0     0     0     0     1
   
         402         123         244         102        1014         363          12          11          16         139
