    10 24
    
    -3    -8   -78  -100   -37   -83   -70   -77   -85   -47   -95   -36   -99    -7     0     0     0     0     0     0     0     0    0    0
    
    55    67    54    56     9    56    68    13    56    75    97    73    88    17    -1     0     0     0     0     0     0     0    0    0
     9    73    56    94    31    70     2    36    46     7    61    61    92    96     0    -1     0     0     0     0     0     0    0    0
    79    25    68    15    18    92     8    71    21    31     6    26    42    45     0     0    -1     0     0     0     0     0    0    0
    46    37    95    39    80    20    95    73    96    95    22    31    67    95     0     0     0    -1     0     0     0     0    0    0
    29    15    83    78    18     9    27    38    48     0    33    47    79    54     0     0     0     0    -1     0     0     0    0    0
    33    94     1    39    18    12    40    28    68    98    57    19    44    92     0     0     0     0     0    -1     0     0    0    0
    77    31    25    15    74    58    20    61    85    22    22    12    84    40     0     0     0     0     0     0    -1     0    0    0
    73    17    46    57    56    10    91    39    32     8    72     9    23    61     0     0     0     0     0     0     0    -1    0    0
    47    27    68    50    45    36    97    56    95    77     1    57    22    11     0     0     0     0     0     0     0     0   -1    0
    79    35    18    15    43    61     8    97     8    63    33    33    21    61     0     0     0     0     0     0     0     0    0   -1

   783   733   546   890   557   642   625   593   688   574
