    10 20
   
    71    -6    -5   -24     4   -51    -7   -23    21    31    99   -89   -24    71     0     0     0     0     0     0

   -33   -95    76   -21   -17   -20    35    95   -88    14   -34    68    78    75     0     0     0     0     0     0
    29    68   -44   -78   -10    70   -40    96    87    88   -37    50    -4   -58     0     0     0     0     0     0
    23    50    49    -4   -32    50   -21    58   -82    85   -86   -99    -6    20     0     0     0     0     0     0
   -81    55    79   -70   -46    95     1    83    97    90   -12   -98   -10   -67     0     0     0     0     0     0
    19   -17   -48     7   -42    10   -42   -76    74    66   -12    66    13    37    -1     0     0     0     0     0
   -22   -37    92     8    25   -16    57   -68   -14    70    89    42   -42   -96     0    -1     0     0     0     0
    46    44   -65   -24   -47    76   -85    98   -76    86   -76    94    24    54     0     0     1     0     0     0
    25    57    51    28    27    62    59    66    36    52    17    89    86    15     0     0     0     1     0     0
    39    81    78    38    43    31    83    15    11    90    35    76    19    45     0     0     0     0     1     0
    28    71    84    15    23    96    60    19     7    39    39    38    20    41     0     0     0     0     0     1
    
    133   217     5   116    54    87   150     3    92    77
