   10 20
   
   -42   -85   -88   -62    61    99   -96    85   -44    74    25    62    10    43     0     0     0     0     0     0

   -31    96   -24   -41   -35    99   -10   -27    63   -36    57     8   -53   -22     0     0     0     0     0     0
   -51    96     9    -7    56   -82    95    -1    46    82     2   -98   -72   -51     0     0     0     0     0     0
    32   -27    79   -68    84    -7    81     3    -5    21   -66    40    73    35     0     0     0     0     0     0
    -5   -46    90    47   -29    88   -85    48   -42    80    77   -33   -26    97     0     0     0     0     0     0
   -63    90   -52   -26    -7    66    -3    90   -39    25    14   -90    30    -5    -1     0     0     0     0     0
    93    -6   -29    48   -90   -83    -4   -44    97    64    -6     6    79   -64     0     1     0     0     0     0
    -3    73    71    77   -38   -82   -49   -32    24   -43    56    24   -21    21     0     0     1     0     0     0
    67     9    64    68    34    26    91    98    97    82    29    37    80    60     0     0     0     1     0     0
    79    50    62    17    31    70    27    13    55    37    36    10    59    83     0     0     0     0     1     0
    54    96    14    10    80    43    80    28    77    27    31    79    79    20     0     0     0     0     0     1
    
    44    24   275   261    29    62    79    77    50     3
