    10 20
  
    85   -71   -97   -20   -79    -4    75   -96   -21    37    63   -34   -43    44     0     0     0     0     0     0
    
    96   -69    52     0   -12   -58   -37   -24   -24    92    70  -100    33   -16     0     0     0     0     0     0
    -8    32   -41    33   -10   -87    96   -51    -5    83    45   -93     0    87     0     0     0     0     0     0
   -33    26    50   -46   -69   -22    70    71    -8    17    38    71    91     2     0     0     0     0     0     0
    51   -16    -4    43   -37    18   -50    33    50    41    78   -46    10    50     0     0     0     0     0     0
    76    76    51    85    85    58    75    78    98    66    57    56    50    69     1     0     0     0     0     0
   -90    91    38    12    10   -10   -61    40   -79    16    32   -47    12    80     0     1     0     0     0     0
   -62    60    19    42   -37    41    56    72    73   -36    47   -40    82     4     0     0     1     0     0     0
    68    71    44    89   -36    10   -97   -54   -36     8    86   -84    70   -94     0     0     0    -1     0     0
    13   -96   -98   -20    82    42    52    -9    17    43    90     1    32   -28     0     0     0     0    -1     0
     1    43    60    68    87     6   -55    73    53   -30    59   -12   -98   -14     0     0     0     0     0     1
     
     3    81   258   221   981    45   322    44   120   242
